.Random.seed <-
c(403L, 10L, 538130237L, 1016860599L, 424975454L, -256257640L, 
-948423429L, -2123988839L, 1136980264L, 2068023254L, 1145185361L, 
1537822467L, -1710963054L, 1792099364L, 142936807L, -1211277507L, 
2018172852L, -1513307110L, 408231781L, -1865039361L, 1706527878L, 
1926664208L, -1310207309L, -1868738223L, 528691456L, 1307931614L, 
447193129L, -1818282021L, 2100143338L, -1019641204L, -496591409L, 
288543109L, -1086789060L, -1916465390L, 1822848013L, -547111097L, 
-801276626L, -277087096L, -1301452405L, 1235579241L, -1309344968L, 
-33348122L, -603324031L, -1231481581L, 1640026818L, 2104753524L, 
1476722039L, -1881635219L, 822561028L, 1362795562L, 734900629L, 
442164783L, 1110721334L, -1712293024L, 1854964131L, 1731674817L, 
1018092208L, 761976270L, -1976399559L, -819944117L, -391385350L, 
-121593860L, -1464917953L, -243148523L, -1861983700L, 218148610L, 
-736920611L, -1325713705L, -1090911810L, -1054874632L, -1726687269L, 
342141497L, -620860536L, -1549493450L, 1753581937L, 2039653283L, 
-406621454L, 1083085380L, 91864327L, 875709661L, -1675316780L, 
-269544198L, -1706603451L, 1176231071L, -1696285146L, -1811694928L, 
72066899L, 104374897L, 2117595040L, 1347831614L, -2008330679L, 
607365883L, -1336157494L, -1492988884L, 1378948143L, -46252827L, 
634500508L, -1684391950L, 91955821L, 142239655L, -1980540466L, 
1365897000L, -241638101L, -1720891575L, -696415144L, 1655109894L, 
986481889L, -931027853L, -2001882910L, -1007871916L, 952581463L, 
-2050241203L, 1788711140L, 237931722L, -1822105291L, -1395267697L, 
2097591446L, 1196129344L, 1153019139L, -1306484447L, -1730663920L, 
668217838L, 760391065L, -1330003413L, -1341803750L, -1798534692L, 
2081570783L, 187549621L, 618029388L, -245323870L, 1917374205L, 
1866850295L, 1858808094L, -914680872L, -1748568773L, -826420519L, 
169954920L, -361771114L, -837076207L, -1454828349L, 1886330066L, 
1076889956L, 903900327L, 862769661L, 1935703028L, -2081671974L, 
-524347867L, 220351295L, 1537583302L, 1770956112L, -248083085L, 
1201641361L, 435235264L, -1283249250L, -405564055L, -1366749797L, 
-1846521686L, 1068101324L, 1568984975L, -1583162427L, -346652804L, 
1122205650L, -1449586867L, -1740214777L, 945237486L, 70555848L, 
1118656459L, -939498967L, -1343332232L, -1921090138L, 1270327233L, 
-655778733L, -748850430L, -987572684L, 955405239L, 1409012653L, 
1114544324L, -820585238L, -1657466027L, -962738961L, -1291859210L, 
-1618577888L, 402418659L, 313729153L, -1844224272L, -26145394L, 
-1590025479L, 1742954635L, -803706694L, -375727172L, -306749185L, 
-545831851L, 451399532L, 1637113794L, -1894680547L, -464992105L, 
-1279699458L, 1255294392L, -1171060325L, -1884680199L, -515778744L, 
642871926L, -2033497167L, 965670371L, -612709710L, 1570760452L, 
-2012218297L, -1880450275L, 1679311252L, -1841928902L, 1381939589L, 
-57435553L, 171130086L, -832721040L, -891866989L, -949748431L, 
2125220832L, -877315970L, 759055113L, -1937275589L, -2019665654L, 
-1912428308L, -1792600721L, -1894171995L, -1650551716L, 1109832754L, 
-631286995L, -661386777L, -1750182642L, -242273964L, 529013522L, 
-1332099680L, -188075316L, 1222429280L, -144824382L, -1443568856L, 
2084356524L, -525126340L, 1952858994L, 1540605232L, 1349312292L, 
-734419656L, -1575156006L, -2029135984L, -1761893636L, -81740908L, 
-729037758L, -135459584L, 477757500L, 457362768L, -1280658270L, 
-152503480L, 1250897676L, -752095524L, -368244910L, -751450496L, 
-958861228L, 542884840L, 1736026874L, 755371344L, -647047380L, 
-1434743948L, -1109326958L, 170445408L, -1874260084L, 239212384L, 
1562917858L, 75795368L, -2134463284L, 1347242492L, -271200334L, 
-1131520528L, 1981892L, -2058325672L, -432208518L, -1618551376L, 
1160610748L, -1871583148L, 2039046082L, -237692896L, -1276841796L, 
-17687984L, 1045764066L, -1030381976L, 1366072908L, 1029187836L, 
-6279182L, 1494230272L, -1998546060L, 1606490120L, -1804195398L, 
662654416L, 1892553708L, 1980279700L, -1678160942L, 699330400L, 
-811517620L, 448274720L, 1730424706L, 1422282472L, -51988244L, 
-1238368708L, 278684530L, 531089008L, 1151020068L, -1039835336L, 
1779302554L, 1328367312L, -1268308804L, 629656212L, 1765497474L, 
1780207808L, -1677925060L, -1146713968L, 673840674L, -2032829944L, 
562615564L, 1603953308L, 688608786L, 288371072L, -372334060L, 
-1564688856L, -1577729734L, -708535344L, -1748840852L, -1107723468L, 
1541747346L, 870581600L, 2104128844L, 1619911648L, -1586290782L, 
1556684712L, 470282124L, -2006304068L, -1759437966L, 768082160L, 
-288584636L, -843584168L, -1611968454L, -1040120976L, 311956540L, 
1453239060L, -1400533566L, -468316960L, 319977340L, -1045621040L, 
-936355166L, 372413480L, 1316684044L, -1006793796L, -2080488142L, 
271677376L, -1885460940L, -1592316984L, 507405498L, -1093761136L, 
-283760148L, -751332268L, 371235474L, -1749013728L, -862576180L, 
845044704L, -1605429566L, -1554082264L, -488526164L, 557729468L, 
-1429749262L, -972908240L, 214780068L, -1475560776L, 431120218L, 
-1703576176L, -1021153924L, 1086755092L, 2051878210L, -263490816L, 
142814140L, 1597461328L, 2075305250L, -292673208L, -911799284L, 
1918057564L, -1565449006L, 77734912L, 2058823508L, -135243288L, 
-826786822L, 75041488L, 1789920556L, 864541940L, -1490672750L, 
-788779936L, 89340172L, -1621976352L, -2121685662L, 1599649448L, 
-1278706100L, -1419701380L, -108224718L, 1747280496L, -1422519996L, 
-1647409192L, 1345963130L, -1373885904L, -907170116L, 172183380L, 
-1139491262L, 1040744352L, -913400644L, -849538608L, 1266753890L, 
840755176L, -241665076L, 923115260L, 1618314226L, 1774883968L, 
-670670604L, 1609789576L, -1369771718L, -355429552L, 1435492460L, 
884710548L, -1428904622L, 942277344L, 1938599116L, 259288224L, 
-1878692478L, 295992552L, 1586662636L, 2025408572L, 841071730L, 
1238973552L, 1296810532L, 1977816632L, -1308777958L, -1567230768L, 
-698382788L, -2029121388L, -918995838L, -641311808L, -949309124L, 
1478925968L, -1668770782L, -548872184L, -434232180L, -1421442020L, 
-697814894L, 759293056L, -231068652L, 282375976L, -2004805574L, 
899868880L, 601745516L, 1426087604L, -1900958702L, 1160688608L, 
-818923408L, -48919015L, -1615441909L, 614271740L, 1824037674L, 
602492255L, -217234199L, -1979362306L, -887853076L, -1575044291L, 
1123694343L, -1283543312L, -1334047090L, 2049771707L, -1647100771L, 
244183114L, -1113288088L, 443555409L, -2100796093L, -1729080252L, 
2002245362L, 1347575495L, -148478831L, -2081777130L, -1519007628L, 
184994565L, -678174385L, 1328685896L, 1212519142L, -989625325L, 
1711405941L, 862100306L, -233862240L, 1563090569L, 301902523L, 
120590604L, 184609946L, -582356465L, 693409369L, 114305774L, 
985080188L, 1015632365L, -959963497L, -436094624L, -1561674434L, 
644443659L, -38495603L, -348448838L, -1615993352L, -1927986783L, 
-897652909L, 785065588L, -954111998L, -1708191081L, -1087751071L, 
-2015618906L, 438405284L, 1330200917L, 968090111L, 684497048L, 
1299285430L, 1079012931L, 1328550789L, -999589854L, 1969322768L, 
1764185785L, 113322859L, 2077622876L, 1874059146L, -350285953L, 
2088297161L, 1583385438L, -954814452L, -1416044579L, 857729767L, 
-1949973744L, -403695058L, -335101733L, 1184759229L, 1511525162L, 
950862792L, -521469711L, 105971299L, 985778788L, -533419630L, 
-1852651929L, -1868839375L, -531301514L, 325882004L, -1374560603L, 
1760349103L, 940681320L, -513606586L, 473283059L, -87866027L, 
1624543026L, -1888156928L, -1775802391L, 1780726363L, -326638420L, 
1139194554L, 1369550959L, 714624505L, -141469554L, -1631964836L, 
792349133L, 1275309367L, 1651539904L, -1047070562L, 2092735851L, 
-681098003L, -1749551782L, 1254290968L, 1982931841L, -841418445L, 
-1189914796L, -1437585054L, 1834367479L, 255162945L, -1213362490L, 
-641757180L, 1692827573L, 78426271L, 440528120L, -758901546L, 
-28654237L, -1728843483L, 48932546L, -1645190224L, -88850471L, 
-1486194357L, 627113916L, 609441770L, 660504607L, -464877911L, 
998365758L, 185919276L, 2083045757L, -1227989049L, -725014864L, 
-1251572530L, -250810885L, -718563747L, 384033162L, 832199080L, 
